'y-axis saved as y
'x,CLR_4N_051D_XRD_20190814.raw,Diff,Ycalc
35.0001,1706,46.9865984,1659.0134
35.030705,1688,27.829909,1660.17009
35.0613101,1657,-4.48941178,1661.48941
35.0919151,1667,4.05487768,1662.94512
35.1225201,1682,17.4876141,1664.51239
35.1531252,1657,-9.16772452,1666.16772
35.1837302,1685,17.1110258,1667.88897
35.2143352,1705,35.344759,1669.65524
35.2449403,1649,-22.4468578,1671.44686
35.2755453,1732,58.754657,1673.24534
35.3061504,1683,7.96664107,1675.03336
35.3367554,1633,-43.7946724,1676.79467
35.3673604,1661,-17.5141152,1678.51412
35.3979655,1635,-45.1775461,1680.17755
35.4285705,1607,-74.771814,1681.77181
35.4591755,1650,-33.2847209,1683.28472
35.4897806,1669,-15.704987,1684.70499
35.5203856,1650,-36.0222159,1686.02222
35.5509906,1670,-17.2268608,1687.22686
35.5815957,1667,-21.3101919,1688.31019
35.6122007,1705,15.7357362,1689.26426
35.6428057,1661,-29.0818847,1690.08188
35.6734108,1746,55.2434145,1690.75659
35.7040158,1697,5.71740926,1691.28259
35.7346208,1671,-20.6547888,1691.65479
35.7652259,1705,13.1312958,1691.8687
35.7958309,1685,-6.92047044,1691.92047
35.826436,1747,55.1931975,1691.8068
35.857041,1648,-153.056979,1801.05698
35.887646,1735,-82.2998518,1817.29985
35.9182511,1787,-50.5052661,1837.50527
35.9488561,1886,22.8387136,1863.16129
35.9794611,1901,4.50595345,1896.49405
36.0100662,2068,93.2789934,1974.72101
36.0406712,2197,94.6207709,2102.37923
36.0712762,2404,194.589695,2209.41031
36.1018813,2746,379.548389,2366.45161
36.1324863,3088,476.839193,2611.16081
36.1630913,3562,536.002688,3025.99731
36.1936964,3740,-84.7563615,3824.75636
36.2243014,5168,-566.858661,5734.85866
36.2549065,12824,-69.1485051,12893.1485
36.2855115,58055,617.849005,57437.151
36.3161165,83128,-2706.18547,85834.1855
36.3467216,22995,1549.62452,21445.3755
36.3773266,31419,-38.879418,31457.8794
36.4079316,45209,2357.24557,42851.7544
36.4385367,12431,-181.625416,12612.6254
36.4691417,4613,-735.988521,5348.98852
36.4997467,3243,-332.361489,3575.36149
36.5303518,2678,-177.443371,2855.44337
36.5609568,2249,-233.056124,2482.05612
36.5915618,2117,-142.203973,2259.20397
36.6221669,2000,-113.469027,2113.46903
36.6527719,1858,-153.765619,2011.76562
36.6833769,1785,-152.205688,1937.20569
36.713982,1708,-172.361135,1880.36114
36.744587,1722,-113.600813,1835.60081
36.7751921,1666,58.0959406,1607.90406
36.8057971,1644,40.9097434,1603.09026
36.8364021,1669,70.8083447,1598.19166
36.8670072,1678,84.7867485,1593.21325
36.8976122,1647,58.8399455,1588.16005
36.9282172,1698,114.962921,1583.03708
36.9588223,1646,68.1506626,1577.84934
36.9894273,1576,3.3981677,1572.60183
37.0200323,1497,-70.2995496,1567.29955
37.0506374,1534,-27.9474514,1561.94745
37.0812424,1595,38.4495297,1556.55047
37.1118474,1595,43.8864976,1551.1135
37.1424525,1579,33.3585978,1545.6414
37.1730575,1546,5.86102359,1540.13898
37.2036625,1472,-62.6109794,1534.61098
37.2342676,1600,70.9378924,1529.06211
37.2648726,1515,-8.49699519,1523.497
37.2954777,1549,31.0797905,1517.92021
37.3260827,1510,-2.33624671,1512.33625
37.3566877,1498,-8.7495281,1506.74953
37.3872928,1488,-13.1643962,1501.1644
37.4178978,1507,11.4148886,1495.58511
37.4485028,1529,38.9841514,1490.01585
37.4791079,1464,-20.4606942,1484.46069
37.5097129,1487,8.07635645,1478.92364
37.5403179,1523,49.5914021,1473.4086
37.570923,1520,52.0806377,1467.91936
37.601528,1506,43.5403566,1462.45964
37.632133,1451,-6.0330473,1457.03305
37.6627381,1395,-56.6430779,1451.64308
37.6933431,1480,33.706865,1446.29314
37.7239482,1464,23.0134867,1440.98651
37.7545532,1387,-48.7264004,1435.7264
37.7851582,1472,41.4841235,1430.51588
37.8157633,1452,26.6420872,1425.35791
37.8463683,1448,27.7446292,1420.25537
37.8769733,1487,71.7889981,1415.211
37.9075784,1457,46.7725533,1410.22745
37.9381834,1433,27.6927655,1405.30723
37.9687884,1434,33.5472167,1400.45278
37.9993935,1431,35.3336005,1395.6664
38.0299985,1462,71.049722,1390.95028
38.0606035,1462,75.6934978,1386.3065
38.0912086,1363,-18.7370445,1381.73704
38.1218136,1377,-0.243766382,1377.24377
38.1524186,1425,52.1715809,1372.82842
38.1830237,1419,50.507356,1368.49264
38.2136287,1346,-18.2379735,1364.23797
38.2442338,1435,74.9341684,1360.06583
38.2748388,1342,-13.9775349,1355.97753
38.3054438,1361,9.02570665,1351.97429
38.3360489,1381,32.9427885,1348.05721
38.3666539,1399,54.7727104,1344.22729
38.3972589,1392,51.5145755,1340.48542
38.427864,1408,71.1675886,1336.83241
38.458469,1389,55.7310555,1333.26894
38.489074,1310,-19.7956192,1329.79562
38.5196791,1298,-28.4129329,1326.41293
38.5502841,1386,61.184675,1324.81533
38.5808891,1382,60.1394107,1321.86059
38.6114942,1381,61.945008,1319.05499
38.6420992,1357,40.5818143,1316.41819
38.6727042,1376,62.0212178,1313.97878
38.7033093,1367,55.2200994,1311.7799
38.7339143,1374,63.0451292,1310.95487
38.7645194,1366,55.8569615,1310.14304
38.7951244,1306,-3.6230912,1309.62309
38.8257294,1358,47.814325,1310.18568
38.8563345,1316,3.38043442,1312.61957
38.8869395,1397,78.2826608,1318.71734
38.9175445,1371,37.635483,1333.36452
38.9481496,1404,29.634546,1374.36545
38.9787546,1425,-127.341006,1552.34101
39.0093596,1604,-1071.30438,2675.30438
39.0399647,1486,-619.030469,2105.03047
39.0705697,1354,-181.712704,1535.7127
39.1011747,1494,-290.843622,1784.84362
39.1317798,1404,-322.373054,1726.37305
39.1623848,1365,-88.4934709,1453.49347
39.1929899,1337,3.41219349,1333.58781
39.2235949,1295,-9.2059861,1304.20599
39.2541999,1362,70.3781469,1291.62185
39.284805,1284,-0.562173981,1284.56217
39.31541,1303,23.0517207,1279.94828
39.346015,1292,15.3722501,1276.62775
39.3766201,1381,106.920719,1274.07928
39.4072251,1347,74.9648418,1272.03516
39.4378301,1307,36.655306,1270.34469
39.4684352,1289,20.0830933,1268.91691
39.4990402,1239,-28.6936863,1267.69369
39.5296452,1342,78.1057293,1263.89427
39.5602503,1224,-39.3096591,1263.30966
39.5908553,1282,19.2141739,1262.78583
39.6214603,1235,-27.3210207,1262.32102
39.6520654,1275,13.0865323,1261.91347
39.6826704,1298,36.4386303,1261.56137
39.7132755,1314,52.7370907,1261.26291
39.7438805,1307,45.9837495,1261.01625
39.7744855,1281,20.1804589,1260.81954
39.8050906,1277,16.3290854,1260.67091
39.8356956,1281,20.4315084,1260.56849
39.8663006,1269,8.48961753,1260.51038
39.8969057,1287,26.5053116,1260.49469
39.9275107,1282,21.4804965,1260.5195
39.9581157,1259,-1.58291698,1260.58292
39.9887208,1245,-15.6830141,1260.68301
40.0193258,1248,-12.8178787,1260.81788
40.0499308,1292,31.0144059,1260.98559
40.0805359,1245,-16.1842456,1261.18425
40.1111409,1241,-20.4119214,1261.41192
40.1417459,1277,15.3332853,1261.66671
40.172351,1275,13.0532753,1261.94672
40.202956,1293,30.7499411,1262.25006
40.2335611,1290,27.4251662,1262.57483
40.2641661,1279,16.0808229,1262.91918
40.2947711,1258,-5.28122859,1263.28123
40.3253762,1286,22.3408584,1263.65914
40.3559812,1331,66.9489152,1264.05108
40.3865862,1323,58.5447571,1264.45524
40.4171913,1305,40.1301814,1264.86982
40.4477963,1330,64.7069669,1265.29303
40.4784013,1270,4.27687203,1265.72313
40.5090064,1282,15.8416339,1266.15837
40.5396114,1289,22.4029672,1266.59703
40.5702164,1374,106.962563,1267.03744
40.6008215,1232,-35.4779115,1267.47791
40.6314265,1274,6.08318389,1267.91682
40.6620316,1327,58.6474637,1268.35254
40.6926366,1242,-26.7834855,1268.78349
40.7232416,1337,67.7918944,1269.20811
40.7538467,1302,32.3751321,1269.62487
40.7844517,1256,-14.032274,1270.03227
40.8150567,1234,-36.4288564,1270.42886
40.8456618,1343,72.1868201,1270.81318
40.8762668,1303,31.8161587,1271.18384
40.9068718,1223,-48.5394711,1271.53947
40.9374769,1342,70.1212663,1271.87873
40.9680819,1382,109.799672,1272.20033
40.9986869,1285,12.4970123,1272.50299
41.029292,1327,54.214517,1272.78548
41.059897,1352,78.9533803,1273.04662
41.090502,1275,1.71475942,1273.28524
41.1211071,1330,56.4997745,1273.50023
41.1517121,1263,-10.6904918,1273.69049
41.1823172,1406,132.145005,1273.85499
41.2129222,1290,16.0072716,1273.99273
41.2435272,1252,-22.1027246,1274.10272
41.2741323,1306,31.8159455,1274.18405
41.3047373,1327,52.7641717,1274.23583
41.3353423,1292,17.7428045,1274.2572
41.3659474,1359,84.7526551,1274.24734
41.3965524,1330,55.794495,1274.20551
41.4271574,1255,-19.1309442,1274.13094
41.4577625,1247,-27.0229702,1274.02297
41.4883675,1309,35.1190691,1273.88093
41.5189725,1223,-50.704214,1273.70421
41.5495776,1244,-29.4922468,1273.49225
41.5801826,1289,15.7555035,1273.2445
41.6107876,1299,26.0395301,1272.96047
41.6413927,1244,-28.6397133,1272.63971
41.6719977,1267,-5.28181256,1272.28181
41.7026028,1260,-11.8863927,1271.88639
41.7332078,1232,-39.4531178,1271.45312
41.7638128,1293,22.0183093,1270.98169
41.7944179,1242,-28.471853,1270.47185
41.8250229,1242,-27.9233844,1269.92338
41.8556279,1284,14.6638974,1269.3361
41.886233,1254,-14.709863,1268.70986
41.916838,1289,20.9554415,1268.04456
41.947443,1205,-62.3401187,1267.34012
41.9780481,1206,-60.5965098,1266.59651
42.0086531,1201,-64.8137341,1265.81373
42.0392581,1198,-66.9918297,1264.99183
42.0698632,1228,-36.1308696,1264.13087
42.1004682,1306,42.7690382,1263.23096
42.1310733,1244,-18.2922485,1262.29225
42.1616783,1243,-18.3149053,1261.31491
42.1922833,1219,-41.2991412,1260.29914
42.2228884,1258,-1.2451976,1259.2452
42.2534934,1261,2.84665208,1258.15335
42.2840984,1150,-107.023897,1257.0239
42.3147035,1224,-31.8571802,1255.85718
42.3453085,1243,-11.6535634,1254.65356
42.3759135,1293,39.5865586,1253.41344
42.4065186,1174,-78.1372384,1252.13724
42.4371236,1228,-22.8254061,1250.82541
42.4677286,1180,-69.478424,1249.47842
42.4983337,1240,-8.09679827,1248.0968
42.5289387,1193,-53.6810609,1246.68106
42.5595437,1189,-56.2317692,1245.23177
42.5901488,1215,-28.749505,1243.7495
42.6207538,1268,25.7651261,1242.23487
42.6513589,1236,-4.68850436,1240.6885
42.6819639,1194,-45.1110472,1239.11105
42.7125689,1254,16.4968255,1237.50317
42.743174,1158,-86.8488272,1244.84883
42.773779,1205,-39.3963705,1244.39637
42.804384,1209,-35.1796592,1244.17966
42.8349891,1179,-65.2819852,1244.28199
42.8655941,1225,-19.8216515,1244.82165
42.8961991,1245,-0.971422543,1245.97142
42.9268042,1197,-50.9918768,1247.99188
42.9574092,1237,-20.3536051,1257.35361
42.9880142,1304,37.6971856,1266.30281
43.0186193,1334,57.4884957,1276.5115
43.0492243,1354,61.425951,1292.57405
43.0798293,1397,77.8254944,1319.17451
43.1104344,1340,-26.9625257,1366.96253
43.1410394,1382,-82.956323,1464.95632
43.1716445,1617,-101.534167,1718.53417
43.2022495,3110,341.149946,2768.85005
43.2328545,10177,1495.14376,8681.85624
43.2634596,7183,1512.587,5670.413
43.2940646,2431,-92.4219696,2523.42197
43.3246696,3135,325.77391,2809.22609
43.3552747,6063,1519.50729,4543.49271
43.3858797,3119,113.492498,3005.5075
43.4164847,1610,-73.3401071,1683.34011
43.4470898,1314,-102.679629,1416.67963
43.4776948,1272,-51.6647386,1323.66474
43.5082998,1182,-96.1915489,1278.19155
43.5389049,1241,-10.4950444,1251.49504
43.5695099,1226,-7.89319926,1233.8932
43.600115,1163,-58.3013706,1221.30137
43.63072,1206,-5.72484712,1211.72485
43.661325,1186,-18.0844174,1204.08442
43.6919301,1216,18.249763,1197.75024
43.7225351,1161,-31.3326651,1192.33267
43.7531401,1179,-8.57926653,1187.57927
43.7837452,1161,-7.39770527,1168.39771
43.8143502,1142,-24.2556123,1166.25561
43.8449552,1164,-0.115506037,1164.11551
43.8755603,1188,26.0217357,1161.97826
43.9061653,1133,-26.8447552,1159.84476
43.9367703,1177,19.2841637,1157.71584
43.9673754,1154,-1.59235412,1155.59235
43.9979804,1141,-12.4751433,1153.47514
44.0285854,1136,-15.3650262,1151.36503
44.0591905,1095,-54.2628119,1149.26281
44.0897955,1201,53.8307039,1147.1693
44.1204006,1102,-43.08526,1145.08526
44.1510056,1115,-28.0114702,1143.01147
44.1816106,1135,-5.94867785,1140.94868
44.2122157,1101,-37.8976182,1138.89762
44.2428207,1096,-40.8590101,1136.85901
44.2734257,1139,4.16644467,1134.83356
44.3040308,1104,-28.8219383,1132.82194
44.3346358,1189,58.1751745,1130.82483
44.3652408,1102,-26.842865,1128.84286
44.3958459,1066,-60.8766859,1126.87669
44.4264509,1133,8.07310162,1124.9269
44.4570559,1156,33.0059075,1122.99409
44.487661,1110,-11.0788386,1121.07884
44.518266,1096,-23.1816864,1119.18169
44.548871,1158,40.6968353,1117.30316
44.5794761,1059,-56.4437814,1115.44378
44.6100811,1151,37.3959773,1113.60402
44.6406862,1065,-46.7843532,1111.78435
44.6712912,1132,22.0147845,1109.98522
44.7018962,1041,-67.2070295,1108.20703
44.7325013,1101,-5.45019282,1106.45019
44.7631063,1067,-37.7150803,1104.71508
44.7937113,1063,-40.0020437,1103.00204
44.8243164,1125,23.6885884,1101.31141
44.8549214,1084,-15.643489,1099.64349
44.8855264,1165,67.0014422,1097.99856
44.9161315,1123,26.623124,1096.37688
44.9467365,1105,10.2213223,1094.77868
44.9773415,1075,-18.2041733,1093.20417
45.0079466,1070,-21.6535495,1091.65355
45.0385516,1075,-15.1269685,1090.12697
45.0691566,1058,-30.6245689,1088.62457
45.0997617,1061,-26.1464652,1087.14647
45.1303667,1100,14.3072523,1085.69275
45.1609718,1058,-26.2634828,1084.26348
45.1915768,1091,8.14128698,1082.85871
45.2221818,1176,94.5215432,1081.47846
45.2527869,1038,-42.1227089,1080.12271
45.2833919,1050,-28.7914403,1078.79144
45.3139969,1074,-3.48459834,1077.4846
45.344602,1093,16.797893,1076.20211
45.375207,1078,3.05613301,1074.94387
45.405812,1074,0.290244319,1073.70976
45.4364171,1071,-1.49962768,1072.49963
45.4670221,1100,28.6866852,1071.31331
45.4976271,1103,32.8493736,1070.15063
45.5282322,1077,7.98865045,1069.01135
45.5588372,1163,95.1047506,1067.89525
45.5894423,1047,-19.8020693,1066.80207
45.6200473,1061,-4.73153124,1065.73153
45.6506523,1094,29.3166638,1064.68334
45.6812574,1088,24.3428356,1063.65716
45.7118624,1098,35.3473244,1062.65268
45.7424674,1092,30.3304905,1061.66951
45.7730725,1059,-1.70728622,1060.70729
45.8036775,1117,57.2343933,1059.76561
45.8342825,1054,-4.84405292,1058.84405
45.8648876,1105,47.0578115,1057.94219
45.8954926,1037,-20.0595593,1057.05956
45.9260976,1122,65.8043068,1056.19569
45.9567027,1047,-8.35010163,1055.3501
45.9873077,1035,-19.5222791,1054.52228
46.0179127,1105,51.2882958,1053.7117
46.0485178,1125,72.0821599,1052.91784
46.0791228,1102,49.8598651,1052.14013
46.1097279,1062,10.6219779,1051.37802
46.1403329,1150,99.3690784,1050.63092
46.1709379,1054,4.10176026,1049.89824
46.201543,1032,-17.1793702,1049.17937
46.232148,1015,-33.4736946,1048.47369
46.262753,1022,-25.7805827,1047.78058
46.2933581,1133,85.9006064,1047.09939
46.3239631,1087,40.5705241,1046.42948
46.3545681,1078,32.2298315,1045.77017
46.3851732,1021,-24.1208012,1045.1208
46.4157782,1045,0.519304608,1044.4807
46.4463832,1043,-0.84916476,1043.84916
46.4769883,1084,40.7744842,1043.22552
46.5075933,1048,5.39095158,1042.60905
46.5381983,994,-47.999057,1041.99906
46.5688034,1011,-30.3948306,1041.39483
46.5994084,1046,5.20434591,1040.79565
46.6300135,1047,6.79919167,1040.20081
46.6606185,1083,43.3904287,1039.60957
46.6912235,1071,31.9787812,1039.02122
46.7218286,1035,-3.43502463,1038.43502
46.7524336,1004,-33.850262,1037.85026
46.7830386,1047,9.73379623,1037.2662
46.8136437,1045,8.3178767,1036.68212
46.8442487,1050,13.9027048,1036.0973
46.8748537,970,-65.5109959,1035.511
46.9054588,1007,-27.9225046,1034.9225
46.9360638,1056,21.6688963,1034.3311
46.9666688,1006,-27.7360799,1033.73608
46.9972739,1062,28.8632756,1033.13672
47.0278789,1056,23.467666,1032.53233
47.058484,1028,-3.92221173,1031.92221
47.089089,998,-33.3056675,1031.30567
47.119694,1073,42.3179812,1030.68202
47.1502991,1080,49.9494087,1030.05059
47.1809041,1035,5.58928006,1029.41072
47.2115091,1038,9.23825095,1028.76175
47.2421142,992,-36.1030335,1028.10303
47.2727192,1068,40.566061,1027.43394
47.3033242,1058,31.2461568,1026.75384
47.3339293,1046,19.937864,1026.06214
47.3645343,978,-47.3582203,1025.35822
47.3951393,974,-50.6415126,1024.64151
47.4257444,968,-55.9114439,1023.91144
47.4563494,1049,25.8325401,1023.16746
47.4869544,984,-38.409022,1022.40902
47.5175595,1017,-4.63560759,1021.63561
47.5481645,964,-56.846711,1020.84671
47.5787696,938,-82.0418437,1020.04184
47.6093746,1082,62.7794649,1019.22054
47.6399796,1053,34.6176668,1018.38233
47.6705847,973,-44.5268047,1017.5268
47.7011897,1020,3.34646386,1016.65354
47.7317947,1008,-7.7621338,1015.76213
47.7623998,989,-25.8522247,1014.85222
47.7930048,1017,3.07654332,1013.92346
47.8236098,1002,-10.9754993,1012.9755
47.8542149,990,-22.0080438,1012.00804
47.8848199,1024,12.9791961,1011.0208
47.9154249,997,-13.0135161,1010.01352
47.94603,1010,1.0140599,1008.98594
47.976635,994,-13.937859,1007.93786
48.00724,1026,19.13092,1006.86908
48.0378451,994,-11.7794343,1005.77943
48.0684501,1014,9.3312222,1004.66878
48.0990552,978,-25.5369913,1003.53699
48.1296602,931,-71.3839806,1002.38398
48.1602652,1009,7.79032307,1001.20968
48.1908703,1012,11.9859629,1000.01404
48.2214753,982,-16.7970439,998.797044
48.2520803,1025,27.4412942,997.558706
48.2826854,960,-36.2990576,996.299058
48.3132904,1034,38.9818395,995.01816
48.3438954,977,-16.7161019,993.716102
48.3745005,938,-54.3929959,992.392996
48.4051055,961,-30.048983,991.048983
48.4357105,970,-19.6842302,989.68423
48.4663156,971,-17.2989315,988.298931
48.4969206,953,-33.8933069,986.893307
48.5275257,923,-62.4676036,985.467604
48.5581307,1035,50.9779054,984.022095
48.5887357,980,-2.55707985,982.55708
48.6193408,1010,28.9271148,981.072885
48.6499458,961,-18.5698627,979.569863
48.6805508,968,-10.0483904,978.04839
48.7111559,1021,44.4911282,976.508872
48.7417609,985,10.0482637,974.951736
48.7723659,955,-18.377438,973.377438
48.802971,956,-15.7864564,971.786456
48.833576,932,-38.1792952,970.179295
48.864181,940,-28.5564825,968.556483
48.8947861,909,-57.9185704,966.91857
48.9253911,999,33.733866,965.266134
48.9559961,1000,36.4002281,963.599772
48.9866012,1013,51.0798951,961.920105
49.0172062,919,-41.227776,960.227776
49.0478113,941,-17.5234495,958.52345
49.0784163,934,-22.8078109,956.807811
49.1090213,932,-23.0815658,955.081566
49.1396264,929,-24.3454396,953.34544
49.1702314,918,-33.6001769,951.600177
49.2008364,999,49.1534595,949.84654
49.2314415,980,31.914689,948.085311
49.2620465,949,2.68271412,946.317286
49.2926515,955,10.4567211,944.543279
49.3232566,945,2.23588088,942.764119
49.3538616,899,-41.9806502,940.98065
49.3844666,924,-15.1937294,939.193729
49.4150717,931,-6.40422705,937.404227
49.4456767,927,-8.61302511,935.613025
49.4762817,892,-41.8210167,933.821017
49.5068868,1011,78.9708952,932.029105
49.5374918,936,5.76179843,930.238202
49.5680969,1000,71.5507729,928.449227
49.5987019,956,29.3368916,926.663108
49.6293069,976,51.1192216,924.880778
49.659912,901,-22.1031749,923.103175
49.690517,955,33.6687609,921.331239
49.721122,925,5.43408487,919.565915
49.7517271,913,-4.80814811,917.808148
49.7823321,917,0.941116483,916.058884
49.8129371,936,21.6809343,914.319066
49.8435422,893,-19.5896369,912.589637
49.8741472,900,-10.8715356,910.871536
49.9047522,929,19.8343045,909.165696
49.9353573,945,37.5269555,907.473044
49.9659623,901,-4.79450258,905.794503
49.9965674,865,-39.1309814,904.130981
50.0271724,898,-4.48338239,902.483382
50.0577774,890,-10.8525955,900.852595
50.0883825,890,-9.23949786,899.239498
50.1189875,897,-0.644952436,897.644952
50.1495925,920,23.9301935,896.069807
50.1801976,901,6.48510955,894.51489
50.2108026,884,-8.98101604,892.981016
50.2414076,914,22.5310248,891.468975
50.2720127,879,-10.9795387,889.979539
50.3026177,867,-21.5134543,888.513454
50.3332227,928,40.9285542,887.071446
50.3638278,905,19.345789,885.654211
50.3944328,875,-9.26242094,884.262421
50.4250378,826,-56.8967178,882.896718
50.4556429,926,44.442286,881.557714
50.4862479,862,-18.2459902,880.24599
50.516853,885,6.03790582,878.962094
50.547458,911,33.2934605,877.70654
50.578063,921,44.5201961,876.479804
50.6086681,882,6.71767229,875.282328
50.6392731,897,22.8854873,874.114513
50.6698781,885,12.0232793,872.976721
50.7004832,922,50.1307281,871.869272
50.7310882,916,45.2075561,870.792444
50.7616932,881,11.2535299,869.74647
50.7922983,845,-23.7315383,868.731538
50.8229033,924,56.2522104,867.74779
50.8535083,901,34.204683,866.795317
50.8841134,896,30.1258355,865.874164
50.9147184,876,11.0156749,864.984325
50.9453234,881,16.8742596,864.12574
50.9759285,890,26.701701,863.298299
51.0065335,886,23.4981644,862.501836
51.0371386,865,3.26387016,861.73613
51.0677436,837,-24.0009053,861.000905
51.0983486,854,-6.29582839,860.295828
51.1289537,850,-9.62050764,859.620508
51.1595587,893,34.0255074,858.974493
51.1901637,834,-24.3572733,858.357273
51.2207688,896,38.2317211,857.768279
51.2513738,868,10.7931223,857.206878
51.2819788,897,40.3276239,856.672376
51.3125839,834,-22.1640179,856.164018
51.3431889,866,10.3190159,855.680984
51.3737939,844,-11.2223923,855.222392
51.404399,845,-9.78729612,854.787296
51.435004,866,11.6253145,854.374685
51.4656091,879,25.0165141,853.983486
51.4962141,881,27.3874416,853.612558
51.5268191,846,-7.26069989,853.2607
51.5574242,873,20.0733572,852.926643
51.5880292,805,-47.6090554,852.609055
51.6186342,873,20.6934577,852.306542
51.6492393,851,-1.01764426,852.017644
51.6798443,834,-17.7408394,851.740839
51.7104493,790,-61.4745431,851.474543
51.7410544,874,22.7828907,851.217109
51.7716594,894,43.0331689,850.966831
51.8022644,869,18.2780585,850.721941
51.8328695,824,-26.4806149,850.480615
51.8634745,839,-11.2409681,850.240968
51.8940795,838,-12.0010617,850.001062
51.9246846,830,-19.7589018,849.758902
51.9552896,840,-9.51244131,849.512441
51.9858947,785,-64.2595822,849.259582
52.0164997,859,10.0018228,848.998177
52.0471047,859,10.273968,848.726032
52.0777098,887,38.5590924,848.440908
52.1083148,841,-7.14052296,848.140523
52.1389198,772,-75.8225573,847.822557
52.1695249,856,8.51534666,847.484653
52.2001299,832,-15.1244202,847.12442
52.2307349,875,28.2605634,846.739437
52.26134,855,8.67274562,846.327254
52.291945,814,-31.8854022,845.885402
52.32255,872,26.5886105,845.411389
52.3531551,848,3.09728996,844.90271
52.3837601,827,-17.3568471,844.356847
52.4143651,829,-14.7712775,843.771277
52.4449702,803,-40.1434762,843.143476
52.4755752,791,-51.470922,842.470922
52.5061803,769,-72.7511021,841.751102
52.5367853,833,-7.9815184,840.981518
52.5673903,798,-42.1596926,840.159693
52.5979954,821,-18.2831726,839.283173
52.6286004,815,-23.3495392,838.349539
52.6592054,820,-17.3564119,837.356412
52.6898105,805,-31.3014569,836.301457
52.7204155,815,-20.1823934,835.182393
52.7510205,793,-40.9970017,833.997002
52.7816256,808,-24.7431309,832.743131
52.8122306,818,-13.4187071,831.418707
52.8428356,788,-42.0217418,830.021742
52.8734407,834,5.44965891,828.550341
52.9040457,826,-1.00271433,827.002714
52.9346508,776,-49.3771842,825.377184
52.9652558,810,-13.6721962,823.672196
52.9958608,796,-25.8863292,821.886329
53.0264659,851,30.9816938,820.018306
53.0570709,809,-9.0670048,818.067005
53.0876759,800,-16.0314693,816.031469
53.118281,800,-13.9109223,813.910922
53.148886,792,-19.7047767,811.704777
53.179491,833,23.5873514,809.412649
53.2100961,801,-6.03437061,807.034371
53.2407011,788,-16.570005,804.570005
53.2713061,800,-2.01985775,802.019858
53.3019112,870,70.6155066,799.384493
53.3325162,815,18.3352506,796.664749
53.3631212,785,-8.86175192,793.861752
53.3937263,790,-0.976931509,790.976932
53.4243313,832,43.9879605,788.01204
53.4549364,840,55.0308349,784.969165
53.4855414,796,14.1492476,781.850752
53.5161464,791,12.3403813,778.659619
53.5467515,851,75.6010275,775.398973
53.5773565,790,17.9275668,772.072433
53.6079615,784,15.31595,768.68405
53.6385666,787,21.7616776,765.238322
53.6691716,804,42.2597793,761.740221
53.6997766,773,14.8047924,758.195208
53.7303817,789,34.3907401,754.60926
53.7609867,809,55.8792968,753.120703
53.7915917,741,-8.72072267,749.720723
53.8221968,809,62.6530961,746.346904
53.8528018,793,49.9804267,743.019573
53.8834068,760,20.2360638,739.763936
53.9140119,822,85.3879675,736.612032
53.9446169,773,39.3941998,733.6058
53.975222,816,85.1979607,730.802039
54.005827,773,44.141277,728.858723
54.036432,789,60.7274035,728.272597
54.0670371,775,47.9416067,727.058393
54.0976421,795,68.1900616,726.809938
54.1282471,783,54.9083261,728.091674
54.1588522,792,60.0145773,731.985423
54.1894572,866,125.178272,740.821728
54.2200622,839,78.485385,760.514615
54.2506673,800,-10.3669837,810.366984
54.2812723,907,-80.2976202,987.29762
54.3118773,1297,-451.808678,1748.80868
54.3424824,1626,-847.56363,2473.56363
54.3730874,1069,-102.879859,1171.87986
54.4036924,934,32.4134408,901.586559
54.4342975,864,-82.8568212,946.856821
54.4649025,1072,-213.777255,1285.77726
54.4955076,1177,-321.211647,1498.21165
54.5261126,851,-61.05316,912.05316
54.5567176,802,29.0046442,772.995356
54.5873227,805,72.5422862,732.457714
54.6179277,800,84.0871232,715.912877
54.6485327,747,38.8006107,708.199389
54.6791378,703,-1.75791809,704.757918
54.7097428,735,31.158782,703.841218
54.7403478,749,44.3296309,704.670369
54.7709529,731,24.1351426,706.864857
54.8015579,724,13.7692459,710.230754
54.8321629,714,-0.670674403,714.670674
54.862768,743,22.8586065,720.141393
54.893373,762,35.3677621,726.632238
54.9239781,774,40.3853485,733.614651
54.9545831,758,18.9693412,739.030659
54.9851881,733,-16.0840966,749.084097
