'y-axis saved as y
'x,CLR_4N_056A_XRD_20190819.raw,Diff,Ycalc
10.0001,3306,-358.555249,3664.55525
10.0358618,3402,-237.703381,3639.70338
10.0716236,3256,-359.908639,3615.90864
10.1073854,3237,-356.151294,3593.15129
10.1431472,3425,-146.411856,3571.41186
10.178909,3207,-343.671074,3550.67107
10.2146708,3350,-180.909929,3530.90993
10.2504326,3292,-220.109638,3512.10964
10.2861944,3300,-194.251648,3494.25165
10.3219562,3448,-29.3176341,3477.31763
10.357718,3408,-53.2895001,3461.2895
10.3934798,3435,-11.1493731,3446.14937
10.4292417,3359,-72.8796031,3431.8796
10.4650035,3232,-186.462761,3418.46276
10.5007653,3386,-19.8816366,3405.88164
10.5365271,3358,-36.1192356,3394.11924
10.5722889,3243,-140.158779,3383.15878
10.6080507,3321,-51.9837002,3372.9837
10.6438125,3401,37.4223567,3363.57764
10.6795743,3355,0.0755386618,3354.92446
10.7153361,3369,21.9917861,3347.00821
10.7510979,3380,40.1868344,3339.81317
10.7868597,3338,4.67621589,3333.32378
10.8226215,3353,25.475262,3327.52474
10.8583833,3467,144.599105,3322.4009
10.8941451,3517,199.062679,3317.93732
10.9299069,3463,148.880725,3314.11928
10.9656687,3431,120.067786,3310.93221
11.0014305,3404,95.6382188,3308.36178
11.0371923,3572,265.606186,3306.39381
11.0729541,3522,216.985663,3305.01434
11.1087159,3529,224.790439,3304.20956
11.1444777,3482,178.03412,3303.96588
11.1802395,3536,231.730127,3304.26987
11.2160013,3565,259.891701,3305.1083
11.2517632,3585,278.531904,3306.4681
11.287525,3508,199.663619,3308.33638
11.3232868,3597,286.299554,3310.70045
11.3590486,3632,318.452243,3313.54776
11.3948104,3536,219.134047,3316.86595
11.4305722,3558,237.357157,3320.64284
11.466334,3654,329.133594,3324.86641
11.5020958,3714,384.475211,3329.52479
11.5378576,3491,156.393696,3334.6063
11.5736194,3599,258.900572,3340.09943
11.6093812,3563,217.007201,3345.9928
11.645143,3593,240.724783,3352.27522
11.6809048,3713,354.064357,3358.93564
11.7166666,3600,234.036806,3365.96319
11.7524284,3646,272.652856,3373.34714
11.7881902,3713,331.92308,3381.07692
11.823952,3700,310.857894,3389.14211
11.8597138,3649,251.467567,3397.53243
11.8954756,3522,115.762214,3406.23779
11.9312374,3628,212.751803,3415.2482
11.9669992,3687,262.446155,3424.55385
12.002761,3602,167.854945,3434.14506
12.0385229,3581,136.987704,3444.0123
12.0742847,3724,269.85382,3454.14618
12.1100465,3566,101.462541,3464.53746
12.1458083,3621,145.822973,3475.17703
12.1815701,3665,178.944085,3486.05591
12.2173319,3739,241.83471,3497.16529
12.2530937,3679,170.503544,3508.49646
12.2888555,3584,63.9591479,3520.04085
12.3246173,3639,107.209952,3531.79005
12.3603791,3575,31.2642462,3543.73575
12.3961409,3684,128.130169,3555.86983
12.4319027,3616,47.8156555,3568.18434
12.4676645,3715,134.328204,3580.6718
12.5034263,3669,75.6745242,3593.32548
12.5391881,3611,4.86248079,3606.13752
12.5749499,3481,-138.096699,3619.0967
12.6107117,3568,-64.196893,3632.19689
12.6464735,3638,-7.43167803,3645.43168
12.6822353,3656,-2.79400443,3658.794
12.7179971,3721,48.7231764,3672.27682
12.7537589,3599,-86.8732004,3685.8732
12.7895207,3649,-50.5763218,3699.57632
12.8252825,3596,-117.379513,3713.37951
12.8610444,3721,-6.27628751,3727.27629
12.8968062,3765,23.7394236,3741.26058
12.932568,3783,27.6729155,3755.32708
12.9683298,3604,-165.46939,3769.46939
13.0040916,3681,-102.677759,3783.67776
13.0398534,3693,-104.947393,3797.94739
13.0756152,3731,-81.2732185,3812.27322
13.111377,3625,-201.649549,3826.64955
13.1471388,3697,-144.070697,3841.0707
13.1829006,3662,-193.531078,3855.53108
13.2186624,3619,-251.025225,3870.02522
13.2544242,3748,-136.547782,3884.54778
13.290186,3750,-149.093513,3899.09351
13.3259478,3870,-43.6573049,3913.6573
13.3617096,3750,-178.234175,3928.23418
13.3974714,3715,-227.819282,3942.81928
13.4332332,3802,-155.407939,3957.40794
13.468995,3703,-268.995641,3971.99564
13.5047568,3759,-227.578098,3986.5781
13.5405186,3884,-117.15129,4001.15129
13.5762804,3766,-249.711556,4015.71156
13.6120422,3750,-280.255738,4030.25574
13.647804,3769,-275.781427,4044.78143
13.6835659,3805,-254.287412,4059.28741
13.7193277,3768,-305.774522,4073.77452
13.7550895,3941,-147.247376,4088.24738
13.7908513,3888,-214.718275,4102.71827
13.8266131,3871,-246.216248,4117.21625
13.8623749,3874,-257.806878,4131.80688
13.8981367,3902,-244.630359,4146.63036
13.9338985,3898,-263.956768,4161.95677
13.9696603,3888,-290.144839,4178.14484
14.0054221,3967,-228.011651,4195.01165
14.0411839,3901,-309.669136,4210.66914
14.0769457,3926,-297.050571,4223.05057
14.1127075,3990,-243.823312,4233.82331
14.1484693,4062,-183.282386,4245.28239
14.1842311,4061,-196.742484,4257.74248
14.2199929,4025,-245.722813,4270.72281
14.2557547,4113,-170.886249,4283.88625
14.2915165,4091,-206.084556,4297.08456
14.3272783,4022,-288.253977,4310.25398
14.3630401,4019,-304.363602,4323.3636
14.3988019,4061,-275.396315,4336.39631
14.4345637,4020,-329.341454,4349.34145
14.4703256,4117,-245.191676,4362.19168
14.5060874,4176,-198.941477,4374.94148
14.5418492,4134,-253.586447,4387.58645
14.577611,4107,-293.122862,4400.12286
14.6133728,4168,-244.547454,4412.54745
14.6491346,4104,-320.857275,4424.85728
14.6848964,4220,-217.049613,4437.04961
14.7206582,4126,-323.121932,4449.12193
14.75642,4173,-288.071845,4461.07185
14.7921818,4265,-207.897081,4472.89708
14.8279436,4305,-179.595472,4484.59547
14.8637054,4303,-193.164944,4496.16494
14.8994672,4328,-179.603501,4507.6035
14.935229,4324,-194.909223,4518.90922
14.9709908,4221,-309.080262,4530.08026
15.0067526,4348,-193.114835,4541.11483
15.0425144,4363,-189.011214,4552.01121
15.0782762,4433,-129.767715,4562.76771
15.114038,4439,-134.382644,4573.38264
15.1497998,4397,-186.854092,4583.85409
15.1855616,4433,-161.179636,4594.17964
15.2213234,4459,-145.358176,4604.35818
15.2570852,4491,-123.39184,4614.39184
15.2928471,4469,-155.277895,4624.2779
15.3286089,4454,-180.014145,4634.01415
15.3643707,4665,21.4007708,4643.59923
15.4001325,4473,-180.031955,4653.03196
15.4358943,4610,-52.3111624,4662.31116
15.4716561,4542,-129.435668,4671.43567
15.5074179,4589,-91.4040524,4680.40405
15.5431797,4550,-139.214346,4689.21435
15.5789415,4551,-146.865923,4697.86592
15.6147033,4476,-230.361488,4706.36149
15.6504651,4605,-109.698774,4714.69877
15.6862269,4543,-179.876026,4722.87603
15.7219887,4650,-80.8923282,4730.89233
15.7577505,4634,-104.746938,4738.74694
15.7935123,4679,-67.439156,4746.43916
15.8292741,4681,-72.9683237,4753.96832
15.8650359,4670,-91.3338212,4761.33382
15.9007977,4718,-50.5350671,4768.53507
15.9365595,4723,-52.5715177,4775.57152
15.9723213,4677,-105.442667,4782.44267
16.0080831,4718,-71.1480443,4789.14804
16.0438449,4791,-4.68721717,4795.68722
16.0796067,4724,-78.0597872,4802.05979
16.1153686,4775,-33.2653915,4808.26539
16.1511304,4844,29.6962985,4814.3037
16.1868922,4921,100.825577,4820.17442
16.222654,4680,-145.877294,4825.87729
16.2584158,4814,-17.412086,4831.41209
16.2941776,4917,80.2213962,4836.7786
16.3299394,4839,-2.97668265,4841.97668
16.3657012,4790,-57.0061896,4847.00619
16.401463,4982,130.132978,4851.86702
16.4372248,4995,138.440891,4856.55911
16.4729866,4881,19.9175928,4861.08241
16.5087484,4918,52.563096,4865.4369
16.5445102,4875,5.37738493,4869.62262
16.580272,4990,116.360415,4873.63958
16.6160338,4945,67.5121158,4877.48788
16.6517956,5072,190.832387,4881.16761
16.6875574,5146,261.321102,4884.6789
16.7233192,4951,62.97811,4888.02189
16.759081,4969,77.8032317,4891.19677
16.7948428,5120,225.796264,4894.20374
16.8306046,5153,255.956977,4897.04302
16.8663664,5205,305.285118,4899.71488
16.9021282,5184,281.78041,4902.21959
16.9378901,5050,145.442552,4904.55745
16.9736519,5043,136.271219,4906.72878
17.0094137,5148,239.266064,4908.73394
17.0451755,5110,199.426717,4910.57328
17.0809373,5241,328.752788,4912.24721
17.1166991,5210,296.243862,4913.75614
17.1524609,5118,202.899506,4915.10049
17.1882227,5129,212.719264,4916.28074
17.2239845,5181,263.702662,4917.29734
17.2597463,5183,264.849205,4918.1508
17.2955081,5205,286.158376,4918.84162
17.3312699,5215,295.629644,4919.37036
17.3670317,5201,281.262454,4919.73755
17.4027935,5056,136.056237,4919.94376
17.4385553,5229,309.010402,4919.9896
17.4743171,5244,324.124343,4919.87566
17.5100789,5323,403.397437,4919.60256
17.5458407,5107,187.829042,4919.17096
17.5816025,5371,452.418501,4918.5815
17.6173643,5392,474.165141,4917.83486
17.6531261,5232,315.068272,4916.93173
17.6888879,5297,381.127189,4915.87281
17.7246498,5309,394.341172,4914.65883
17.7604116,5205,291.709487,4913.29051
17.7961734,5280,368.231384,4911.76862
17.8319352,5392,481.906101,4910.0939
17.867697,5403,494.732858,4908.26714
17.9034588,5308,401.710867,4906.28913
17.9392206,5239,334.839324,4904.16068
17.9749824,5317,415.117411,4901.88259
18.0107442,5363,463.544299,4899.4557
18.046506,5173,276.119148,4896.88085
18.0822678,5312,417.841104,4894.1589
18.1180296,5209,317.709302,4891.2907
18.1537914,5307,418.722866,4888.27713
18.1895532,5328,442.880909,4885.11909
18.225315,5425,543.182533,4881.81747
18.2610768,5270,391.62683,4878.37317
18.2968386,5200,325.212881,4874.78712
18.3326004,5270,398.939759,4871.06024
18.3683622,5254,386.806525,4867.19347
18.404124,5326,462.812233,4863.18777
18.4398858,5368,508.955925,4859.04407
18.4756476,5285,430.236639,4854.76336
18.5114094,5237,386.653399,4850.3466
18.5471713,5223,377.205224,4845.79478
18.5829331,5192,350.891125,4841.10887
18.6186949,5063,226.710105,4836.28989
18.6544567,5208,376.661159,4831.33884
18.6902185,5218,391.743274,4826.25673
18.7259803,5204,382.955433,4821.04457
18.7617421,5188,372.296609,4815.70339
18.7975039,5085,274.765769,4810.23423
18.8332657,5086,281.361877,4804.63812
18.8690275,5122,323.083887,4798.91611
18.9047893,5241,447.930749,4793.06925
18.9405511,5127,339.901408,4787.09859
18.9763129,5133,351.994802,4781.0052
19.0120747,5199,424.209865,4774.79014
19.0478365,4833,64.5455263,4768.45447
19.0835983,5111,349.00071,4761.99929
19.1193601,5068,312.574336,4755.42566
19.1551219,5027,278.26532,4748.73468
19.1908837,4941,199.072573,4741.92743
19.2266455,5054,318.995004,4735.005
19.2624073,5128,400.031515,4727.96849
19.2981691,4987,266.181007,4720.81899
19.3339309,5034,320.442379,4713.55762
19.3696928,4873,166.814524,4706.18548
19.4054546,4823,124.296334,4698.70367
19.4412164,4997,305.886697,4691.1133
19.4769782,4896,212.584499,4683.4155
19.51274,4932,256.388626,4675.61137
19.5485018,4830,162.297958,4667.70204
19.5842636,4791,131.311375,4659.68862
19.6200254,4784,132.427756,4651.57224
19.6557872,4882,238.645978,4643.35402
19.691549,4878,242.964914,4635.03509
19.7273108,4797,170.38344,4626.61656
19.7630726,4767,148.900428,4618.09957
19.7988344,4831,221.51475,4609.48525
19.8345962,4659,58.2252762,4600.77472
19.870358,4626,34.0308781,4591.96912
19.9061198,4634,50.9304254,4583.06957
19.9418816,4585,10.9227878,4574.07721
19.9776434,4520,-44.9931652,4564.99317
20.0134052,4608,52.181436,4555.81856
20.049167,4565,18.4454611,4546.55454
20.0849288,4401,-136.20222,4537.20222
20.1206906,4572,44.2372634,4527.76274
20.1564524,4352,-166.237218,4518.23722
20.1922143,4529,20.3732077,4508.62679
20.2279761,4625,126.067413,4498.93259
20.2637379,4504,14.844271,4489.15573
20.2994997,4631,151.702657,4479.29734
20.3352615,4507,37.6414462,4469.35855
20.3710233,4360,-99.3404837,4459.34048
20.4067851,4332,-117.244254,4449.24425
20.4425469,4356,-83.0709849,4439.07098
20.4783087,4347,-81.8217939,4428.82179
20.5140705,4367,-51.4977972,4418.4978
20.5498323,4258,-150.100109,4408.10011
20.5855941,4337,-60.6298412,4397.62984
20.6213559,4230,-157.088104,4387.0881
20.6571177,4346,-30.4760046,4376.476
20.6928795,4212,-153.794649,4365.79465
20.7286413,4275,-80.0451382,4355.04514
20.7644031,4331,-13.2285736,4344.22857
20.8001649,4188,-145.346052,4333.34605
20.8359267,4138,-184.398668,4322.39867
20.8716885,4161,-150.387514,4311.38751
20.9074503,4193,-107.313677,4300.31368
20.9432121,4101,-188.178243,4289.17824
20.978974,4223,-54.9822938,4277.98229
21.0147358,4216,-50.7269091,4266.72691
21.0504976,4271,15.586836,4255.41316
21.0862594,4085,-159.04213,4244.04213
21.1220212,4095,-137.614877,4232.61488
21.157783,4100,-121.132468,4221.13247
21.1935448,4056,-153.595965,4209.59597
21.2293066,3958,-240.006425,4198.00643
21.2650684,3948,-238.364902,4186.3649
21.3008302,4061,-113.672444,4174.67244
21.336592,3970,-192.930097,4162.9301
21.3723538,4129,-22.1389015,4151.1389
21.4081156,4065,-74.2998954,4139.2999
21.4438774,3873,-254.414111,4127.41411
21.4796392,3842,-273.482576,4115.48258
21.515401,3775,-328.506315,4103.50632
21.5511628,3886,-205.486347,4091.48635
21.5869246,3903,-176.423688,4079.42369
21.6226864,3890,-177.319346,4067.31935
21.6584482,3878,-177.174328,4055.17433
21.69421,3957,-85.9896344,4042.98963
21.7299718,3764,-266.766261,4030.76626
21.7657336,3726,-292.5052,4018.5052
21.8014955,3757,-249.207436,4006.20744
21.8372573,3750,-243.873951,3993.87395
21.8730191,3774,-207.505721,3981.50572
21.9087809,3744,-225.103717,3969.10372
21.9445427,3729,-227.668906,3956.66891
21.9803045,3661,-283.202248,3944.20225
22.0160663,3736,-195.704698,3931.7047
22.0518281,3708,-211.177206,3919.17721
22.0875899,3608,-298.620719,3906.62072
22.1233517,3658,-236.036174,3894.03617
22.1591135,3697,-184.424507,3881.42451
22.1948753,3678,-190.786646,3868.78665
22.2306371,3736,-120.123513,3856.12351
22.2663989,3542,-301.436028,3843.43603
22.3021607,3612,-218.725101,3830.7251
22.3379225,3618,-199.991638,3817.99164
22.3736843,3455,-350.236542,3805.23654
22.4094461,3534,-258.460706,3792.46071
22.4452079,3434,-345.665021,3779.66502
22.4809697,3537,-229.850368,3766.85037
22.5167315,3483,-271.017627,3754.01763
22.5524933,3546,-195.167669,3741.16767
22.5882551,3441,-287.30136,3728.30136
22.624017,3466,-249.41956,3715.41956
22.6597788,3438,-264.523123,3702.52312
22.6955406,3476,-213.612898,3689.6129
22.7313024,3445,-231.689727,3676.68973
22.7670642,3433,-230.754446,3663.75445
22.802826,3334,-316.807885,3650.80788
22.8385878,3482,-155.850869,3637.85087
22.8743496,3382,-242.884215,3624.88422
22.9101114,3400,-211.908736,3611.90874
22.9458732,3401,-197.925238,3598.92524
22.981635,3379,-206.93452,3585.93452
23.0173968,3446,-126.937377,3572.93738
23.0531586,3299,-260.934595,3559.9346
23.0889204,3307,-239.926956,3546.92696
23.1246822,3326,-207.915235,3533.91524
23.160444,3275,-245.900202,3520.9002
23.1962058,3300,-207.882617,3507.88262
23.2319676,3285,-209.863239,3494.86324
23.2677294,3269,-212.842818,3481.84282
23.3034912,3344,-124.822096,3468.8221
23.339253,3249,-206.801813,3455.80181
23.3750148,3276,-166.782699,3442.7827
23.4107766,3318,-111.765479,3429.76548
23.4465385,3145,-271.750872,3416.75087
23.4823003,3302,-101.739591,3403.73959
23.5180621,3243,-147.732342,3390.73234
23.5538239,3167,-210.729825,3377.72983
23.5895857,3237,-127.732734,3364.73273
23.6253475,3224,-127.741754,3351.74175
23.6611093,3153,-185.757569,3338.75757
23.6968711,3135,-190.780851,3325.78085
23.7326329,3239,-73.8122696,3312.81227
23.7683947,3189,-110.852487,3299.85249
23.8041565,3043,-243.902157,3286.90216
23.8399183,3052,-221.961931,3273.96193
23.8756801,3147,-114.032451,3261.03245
23.9114419,3092,-156.114353,3248.11435
23.9472037,3075,-160.208268,3235.20827
23.9829655,3059,-163.31482,3222.31482
24.0187273,3121,-88.4346267,3209.43463
24.0544891,3034,-162.568299,3196.5683
24.0902509,3073,-110.716442,3183.71644
24.1260127,3079,-91.8796676,3170.87967
24.1617745,3066,-92.0589639,3158.05896
24.1975363,3059,-86.2607604,3145.26076
24.2332982,2976,-156.52457,3132.52457
24.26906,3033,-86.9295335,3119.92953
24.3048218,2982,-125.39058,3107.39058
24.3405836,2990,-104.709104,3094.7091
24.3763454,3048,-34.0192696,3082.01927
24.4121072,2974,-95.3495449,3069.34954
24.447869,2849,-207.701927,3056.70193
24.4836308,2942,-102.077149,3044.07715
24.5193926,3010,-21.475967,3031.47597
24.5551544,2997,-21.8991589,3018.89916
24.5909162,2996,-10.3475328,3006.34753
24.626678,2959,-34.8219459,2993.82195
24.6624398,2942,-39.3236848,2981.32368
24.6982016,2960,-8.85961836,2968.85962
24.7339634,2904,-52.470325,2956.47033
24.7697252,2958,13.7626606,2944.23734
24.805487,2764,-168.077354,2932.07735
24.8412488,2926,6.20909711,2919.7909
24.8770106,2880,-27.5125109,2907.51251
24.9127724,2915,19.7281107,2895.27189
24.9485342,2931,47.9273575,2883.07264
24.984296,2858,-12.9174611,2870.91746
25.0200578,2790,-68.8094884,2858.80949
25.0558197,2790,-56.7524379,2846.75244
25.0915815,2914,79.2492523,2834.75075
25.1273433,2901,78.1902139,2822.80979
25.1631051,2826,15.0638737,2810.93613
25.1988669,2910,110.862077,2799.13792
25.2346287,2904,116.574571,2787.42543
25.2703905,2825,49.1882726,2775.81173
25.3061523,2758,-6.31376901,2764.31377
25.3419141,2830,77.0461075,2752.95389
25.3776759,2934,192.237914,2741.76209
25.4134377,2707,-23.7794424,2730.77944
25.4491995,2823,102.936406,2720.06359
25.4849613,2838,128.30247,2709.69753
25.5207231,2755,55.195535,2699.80447
25.5564849,2749,58.4259617,2690.57404
25.5922467,2832,149.68903,2682.31097
25.6280085,2716,40.4686465,2675.53135
25.6637703,2826,154.831456,2671.16854
25.6995321,2689,17.9445178,2671.05548
25.7352939,2671,-8.15410291,2679.1541
25.7710557,2768,63.3728329,2704.62717
25.8068175,2697,-69.6543122,2766.65431
25.8425793,2875,-11.3057929,2886.30579
25.8783412,2936,-95.8297345,3031.82973
25.914103,2890,-194.934766,3084.93477
25.9498648,2999,1.74111507,2997.25888
25.9856266,2857,-3.6675369,2860.66754
26.0213884,2707,-11.9822224,2718.98222
26.0571502,2653,28.8293194,2624.17068
26.092912,2697,126.74254,2570.25746
26.1286738,2621,84.1855877,2536.81441
26.1644356,2569,56.1234766,2512.87652
26.2001974,2510,16.2514334,2493.74857
26.2359592,2551,73.6915916,2477.30841
26.271721,2483,20.5033381,2462.49666
26.3074828,2487,38.2629856,2448.73701
26.3432446,2556,120.306262,2435.69374
26.3790064,2478,54.8397394,2423.16026
26.4147682,2558,146.996296,2411.0037
26.45053,2553,153.864607,2399.13539
26.4862918,2511,123.505704,2387.4943
26.5220536,2399,22.9626578,2376.03734
26.5578154,2435,70.2656446,2364.73436
26.5935772,2537,183.431127,2353.56887
26.629339,2453,110.469623,2342.53038
26.6651009,2472,140.423158,2331.57684
26.7008627,2548,227.292849,2320.70715
26.7366245,2462,152.081436,2309.91856
26.7723863,2362,62.7945258,2299.20547
26.8081481,2305,16.437046,2288.56295
26.8439099,2464,186.012969,2277.98703
26.8796717,2375,107.525503,2267.4745
26.9154335,2286,28.9772593,2257.02274
26.9511953,2372,125.370371,2246.62963
26.9869571,2281,44.7065882,2236.29341
27.0227189,2339,112.987312,2226.01269
27.0584807,2344,128.213106,2215.78689
27.0942425,2373,167.383857,2205.61614
27.1300043,2316,120.52948,2195.47052
27.1657661,2293,107.748824,2185.25118
27.2015279,2277,101.941606,2175.05839
27.2372897,2301,135.913509,2165.08649
27.2730515,2248,92.8061243,2155.19388
27.3088133,2308,162.648469,2145.35153
27.3445751,2283,147.44181,2135.55819
27.3803369,2154,28.1860295,2125.81397
27.4160987,2178,61.8812957,2116.1187
27.4518605,2245,138.532866,2106.46713
27.4876224,2213,116.176902,2096.8231
27.5233842,2142,54.8820214,2087.11798
27.559146,2219,141.550381,2077.44962
27.5949078,2186,118.001534,2067.99847
27.6306696,2144,85.3881757,2058.61182
27.6664314,2206,156.707085,2049.29292
27.7021932,2128,87.967929,2040.03207
27.737955,2119,88.169762,2030.83024
27.7737168,2164,142.308531,2021.69147
27.8094786,2118,105.378507,2012.62149
27.8452404,2046,42.3713608,2003.62864
27.8810022,2078,83.2745696,1994.72543
27.916764,2050,64.068571,1985.93143
27.9525258,2068,90.7213622,1977.27864
27.9882876,2050,81.1775589,1968.82244
28.0240494,1998,37.3343742,1960.66563
28.0598112,1982,28.9837088,1953.01629
28.095573,2003,56.6607398,1946.33926
28.1313348,2049,107.269864,1941.73014
28.1670966,2075,133.675219,1941.32478
28.2028584,2010,63.9151964,1946.0848
28.2386202,1945,-3.26553103,1948.26553
28.274382,2003,65.8072729,1937.19273
28.3101439,1999,77.9578699,1921.04213
28.3459057,1974,72.2990819,1901.70092
28.3816675,1956,71.9558594,1884.04414
28.4174293,1980,109.654592,1870.34541
28.4531911,2006,146.724525,1859.27548
28.4889529,1917,67.5022954,1849.4977
28.5247147,1906,65.6357547,1840.36425
28.5604765,1960,128.408853,1831.59115
28.5962383,1960,136.955377,1823.04462
28.6320001,1806,-8.65542996,1814.65543
28.6677619,1917,110.615223,1806.38478
28.7035237,1867,68.7904835,1798.20952
28.7392855,1936,145.884886,1790.11511
28.7750473,1923,140.90795,1782.09205
28.8108091,1858,83.8661315,1774.13387
28.8465709,1875,108.763947,1766.23605
28.8823327,1770,11.6046362,1758.39536
28.9180945,1857,106.390582,1750.60942
28.9538563,1852,109.123571,1742.87643
28.9896181,1780,44.8049723,1735.19503
29.0253799,1781,53.4358517,1727.56415
29.0611417,1746,26.0170545,1719.98295
29.0969035,1774,61.5492623,1712.45074
29.1326654,1865,160.033033,1704.96697
29.1684272,1771,73.4688311,1697.53117
29.204189,1750,59.8570486,1690.14295
29.2399508,1711,28.1980217,1682.80198
29.2757126,1754,78.4920431,1675.50796
29.3114744,1672,3.73937115,1668.26063
29.3472362,1741,79.940237,1661.05976
29.382998,1749,95.0948513,1653.90515
29.4187598,1757,110.203457,1646.79654
29.4545216,1612,-27.7328423,1639.73284
29.4902834,1626,-6.70785649,1632.70786
29.5260452,1602,-23.7157645,1625.71576
29.561807,1630,11.2152022,1618.7848
29.5975688,1613,1.09473677,1611.90526
29.6333306,1645,39.9286031,1605.0714
29.6690924,1660,61.7176089,1598.28239
29.7048542,1646,54.4619012,1591.5381
29.740616,1607,22.1616033,1584.8384
29.7763778,1543,-35.1831121,1578.18311
29.8121396,1617,45.4288079,1571.57119
29.8479014,1572,7.00352834,1564.99647
29.8836632,1575,16.5465709,1558.45343
29.9194251,1558,6.02933272,1551.97067
29.9551869,1553,7.46463845,1545.53536
29.9909487,1631,91.8545386,1539.14546
30.0267105,1542,9.20080573,1532.79919
30.0624723,1617,90.5035158,1526.49648
30.0982341,1562,41.7629621,1520.23704
30.1339959,1598,83.979271,1514.02073
30.1697577,1617,109.152571,1507.84743
30.2055195,1527,25.2829918,1501.71701
30.2412813,1483,-12.6293343,1495.62933
30.2770431,1532,42.4157263,1489.58427
30.3128049,1523,39.4183089,1483.58169
30.3485667,1514,36.3785507,1477.62145
30.3843285,1431,-40.7034097,1471.70341
30.4200903,1435,-30.8274318,1465.82743
30.4558521,1446,-13.9933734,1459.99337
30.4916139,1430,-24.2010911,1454.20109
30.5273757,1500,51.5495604,1448.45044
30.5631375,1440,-2.74127208,1442.74127
30.5988993,1553,115.92656,1437.07344
30.6346611,1499,67.5532055,1431.44679
30.6704229,1454,28.1388166,1425.86118
30.7061847,1485,64.6835457,1420.31645
30.7419466,1407,-7.81245312,1414.81245
30.7777084,1447,37.6509757,1409.34902
30.8134702,1409,5.07398894,1403.92601
30.849232,1454,55.4567449,1398.54326
30.8849938,1442,48.7994032,1393.2006
30.9207556,1390,2.1021245,1387.89788
30.9565174,1389,6.36507105,1382.63493
30.9922792,1373,-4.41159382,1377.41159
31.028041,1362,-10.2277084,1372.22771
31.0638028,1437,69.9165308,1367.08347
31.0995646,1388,26.0092397,1361.99076
31.1353264,1315,-42.0753912,1357.07539
31.1710882,1357,4.26032593,1352.73967
31.20685,1275,-73.8661903,1348.86619
31.2426118,1395,50.8298281,1344.17017
31.2783736,1315,-24.3676531,1339.36765
31.3141354,1365,30.3957386,1334.60426
31.3498972,1356,26.1131171,1329.88688
31.385659,1280,-45.2161494,1325.21615
31.4214208,1284,-36.5927954,1320.5928
31.4571826,1298,-18.0176734,1316.01767
31.4929444,1306,-5.49177422,1311.49177
31.5287062,1311,3.98374798,1307.01625
31.5644681,1328,25.4072015,1302.5928
31.6002299,1261,-37.2346781,1298.23468
31.6359917,1240,-54.066232,1294.06623
31.6717535,1310,19.5170422,1290.48296
31.7075153,1314,26.6170145,1287.38299
31.7432771,1280,-3.52715209,1283.52715
31.7790389,1269,-10.6045663,1279.60457
31.8148007,1254,-21.760087,1275.76009
31.8505625,1248,-24.0066152,1272.00662
31.8863243,1244,-24.3522799,1268.35228
31.9220861,1311,46.1931741,1264.80683
31.9578479,1289,27.6179932,1261.38201
31.9936097,1267,8.90790569,1258.09209
32.0293715,1297,42.0454557,1254.95454
32.0651333,1267,15.0091203,1251.99088
32.1008951,1266,16.7721284,1249.22787
32.1366569,1253,6.30085681,1246.69914
32.1724187,1302,57.552624,1244.44738
32.2081805,1279,36.4726048,1242.5274
32.2439423,1248,6.98944362,1241.01056
32.2797041,1178,-61.9911068,1239.99111
32.3154659,1207,-32.5956049,1239.5956
32.3512278,1207,-32.9972125,1239.99721
32.3869896,1298,56.5620245,1241.43798
32.4227514,1216,-28.2646619,1244.26466
32.4585132,1294,45.011487,1248.98851
32.494275,1226,-30.3891375,1256.38914
32.5300368,1192,-75.7043333,1267.70433
32.5657986,1321,36.0019408,1284.99806
32.6015604,1322,10.073509,1311.92649
32.6373222,1342,-13.4741251,1355.47413
32.673084,1450,19.7423139,1430.25769
32.7088458,1636,66.4533334,1569.54667
32.7446076,1798,-48.4872125,1846.48721
32.7803694,2284,-77.7625501,2361.76255
32.8161312,2751,-285.971596,3036.9716
32.851893,2965,-404.910592,3369.91059
32.8876548,2825,-267.8604,3092.8604
32.9234166,2447,-288.341468,2735.34147
32.9591784,2179,-89.6483055,2268.64831
32.9949402,1684,-120.457747,1804.45775
33.030702,1555,25.2004932,1529.79951
33.0664638,1353,-33.7717551,1386.77176
33.1022256,1221,-86.1034279,1307.10343
33.1379874,1243,-15.0361639,1258.03616
33.1737493,1164,-61.174074,1225.17407
33.2095111,1164,-37.6770609,1201.67706
33.2452729,1125,-58.9812511,1183.98125
33.2810347,1080,-90.080857,1170.08086
33.3167965,1145,-13.7749043,1158.7749
33.3525583,1074,-75.3074156,1149.30742
33.3883201,1095,-46.182573,1141.18257
33.4240819,1086,-48.063846,1134.06385
33.4598437,1134,6.28391393,1127.71609
33.4956055,1068,-53.9708358,1121.97084
33.5313673,1054,-62.7047718,1116.70477
33.5671291,1078,-33.8258799,1111.82588
33.6028909,997,-110.264342,1107.26434
33.6386527,1077,-25.9663788,1102.96638
33.6744145,1097,-1.89019879,1098.8902
33.7101763,1062,-33.0111116,1095.01111
33.7459381,1020,-71.4021608,1091.40216
33.7816999,1129,40.6176747,1088.38233
33.8174617,1038,-47.8518821,1085.85188
33.8532235,1097,14.2930082,1082.70699
33.8889853,1066,-13.538363,1079.53836
33.9247471,1019,-57.4572108,1076.45721
33.9605089,1057,-16.4609157,1073.46092
33.9962708,1035,-35.5430273,1070.54303
34.0320326,1024,-43.6982157,1067.69822
34.0677944,1000,-64.9217788,1064.92178
34.1035562,1054,-8.19936754,1062.19937
34.139318,1017,-42.4158471,1059.41585
34.1750798,1006,-50.2167392,1056.21674
34.2108416,1059,6.25133348,1052.74867
34.2466034,1047,-3.22471391,1050.22471
34.2823652,1097,48.988588,1048.01141
34.318127,1028,-18.3067302,1046.30673
34.3538888,949,-96.0314869,1045.03149
34.3896506,958,-85.098517,1043.09852
34.4254124,987,-54.0944408,1041.09444
34.4611742,1010,-29.0243629,1039.02436
34.496936,1033,-3.53058945,1036.53059
34.5326978,978,-55.7925192,1033.79252
34.5684596,963,-69.0589309,1032.05893
34.6042214,986,-44.474092,1030.47409
34.6399832,946,-83.0616772,1029.06168
34.675745,998,-29.7783307,1027.77833
34.7115068,1012,-14.6335738,1026.63357
34.7472686,995,-30.6501102,1025.65011
34.7830304,977,-47.856447,1024.85645
34.8187923,993,-31.2887594,1024.28876
34.8545541,966,-57.9934946,1023.99349
34.8903159,1002,-22.0310725,1024.03107
34.9260777,965,-59.4812474,1024.48125
34.9618395,936,-89.4510397,1025.45104
34.9976013,989,-38.0867586,1027.08676
35.0333631,983,-46.5927238,1029.59272
35.0691249,926,-107.261336,1033.26134
35.1048867,1007,-31.5231371,1038.52314
35.1406485,986,-60.0336817,1046.03368
35.1764103,1004,-52.8318802,1056.83188
35.2121721,954,-118.645982,1072.64598
35.2479339,1042,-54.5278511,1096.52785
35.2836957,1087,-47.2818342,1134.28183
35.3194575,1166,-31.980776,1197.98078
35.3552193,1280,-34.9321196,1314.93212
35.3909811,1527,-18.1287027,1545.1287
35.4267429,1985,13.2766252,1971.72337
35.4625047,2665,136.039574,2528.96043
35.4982665,3108,312.706522,2795.29348
35.5340283,2778,219.87483,2558.12517
35.5697901,2443,144.254599,2298.7454
35.605552,1973,-2.99891245,1975.99891
35.6413138,1583,1.33388367,1581.66612
35.6770756,1244,-81.9474698,1325.94747
35.7128374,1111,-80.3943807,1191.39438
35.7485992,1090,-28.0402909,1118.04029
35.784361,1033,-41.0404628,1074.04046
35.8201228,1044,-1.32356764,1045.32357
35.8558846,1015,-10.3059521,1025.30595
35.8916464,985,-25.6117307,1010.61173
35.9274082,996,-3.36587172,999.365872
35.96317,941,-49.4574775,990.457477
35.9989318,961,-22.193149,983.193149
36.0346936,937,-40.1212072,977.121207
36.0704554,919,-52.9367936,971.936794
36.1062172,953,-14.4278817,967.427882
36.141979,934,-29.4431749,963.443175
36.1777408,861,-98.8722843,959.872284
36.2135026,921,-35.6330855,956.633086
36.2492644,915,-38.6634222,953.663422
36.2850262,880,-70.9155252,950.915525
36.320788,898,-50.3521742,948.352174
36.3565498,910,-35.9440065,945.944006
36.3923116,902,-41.6675951,943.667595
36.4280735,947,5.4959447,941.504055
36.4638353,947,7.56198111,939.438019
36.4995971,920,-17.4568708,937.456871
36.5353589,858,-77.5501917,935.550192
36.5711207,942,8.290572,933.709428
36.6068825,879,-52.9274433,931.927443
36.6426443,938,7.8027337,930.197266
36.6784061,876,-52.5139992,928.513999
36.7141679,916,-10.8732151,926.873215
36.7499297,898,-27.2708695,925.27087
36.7856915,932,8.3039952,923.696005
36.8214533,863,-59.0568645,922.056865
36.8572151,865,-55.0519691,920.051969
36.8929769,922,4.21307855,917.786921
36.9287387,932,15.7163637,916.283636
36.9645005,903,-11.9248316,914.924832
37.0002623,907,-6.58800041,913.588
37.0360241,869,-43.2670917,912.267092
37.0717859,893,-17.961169,910.961169
37.1075477,944,34.3383578,909.661642
37.1433095,959,50.7257913,908.274209
37.1790713,957,50.5152454,906.484755
37.2148331,930,25.5792379,904.420762
37.250595,941,37.8618958,903.138104
37.2863568,941,39.0888415,901.911159
37.3221186,930,29.2543752,900.745625
37.3578804,901,1.40514005,899.59486
37.3936422,864,-34.4515576,898.451558
37.429404,903,5.68440956,897.31559
37.4651658,917,20.8131668,896.186833
37.5009276,946,50.9348371,895.065163
37.5366894,879,-14.9504589,893.950459
37.5724512,835,-57.842604,892.842604
37.608213,909,17.2585155,891.741485
37.6439748,868,-22.6469914,890.646991
37.6797366,908,18.4409785,889.559021
37.7154984,852,-36.4774791,888.477479
37.7512602,901,13.5977212,887.402279
37.787022,864,-22.3333488,886.333349
37.8227838,861,-24.2706366,885.270637
37.8585456,829,-55.2141176,884.214118
37.8943074,872,-11.1638086,883.163809
37.9300692,839,-43.1197899,882.11979
37.965831,834,-47.0822442,881.082244
38.0015928,856,-24.0515245,880.051525
38.0373546,868,-11.0282842,879.028284
38.0731165,893,14.9862611,878.013739
38.1088783,872,-5.01023831,877.010238
38.1446401,871,-5.02262648,876.022626
38.1804019,868,-7.06170615,875.061706
38.2161637,855,-19.1523373,874.152337
38.2519255,884,10.6598798,873.34012
38.2876873,929,56.3663235,872.633677
38.3234491,928,56.1691127,871.830887
38.3592109,936,65.2839467,870.716053
38.3949727,916,46.389679,869.610321
38.4307345,923,54.4750754,868.524925
38.4664963,916,48.6523449,867.347655
38.5022581,808,-58.2179279,866.217928
38.5380199,883,17.8368647,865.163135
38.5737817,902,37.848336,864.151664
38.6095435,916,52.8373751,863.162625
38.6453053,889,26.8134443,862.186556
38.6810671,880,18.7809224,861.219078
38.7168289,826,-34.2579571,860.257957
38.7525907,873,13.6980612,859.301939
38.7883525,854,-4.35025363,858.350254
38.8241143,858,0.597606634,857.402393
38.8598762,884,27.5420015,856.457998
38.895638,927,71.4832012,855.516799
38.9313998,841,-13.5785805,854.57858
38.9671616,924,70.3568337,853.643166
39.0029234,915,62.2895961,852.710404
39.0386852,869,17.2198418,851.780158
39.074447,898,47.1476932,850.852307
39.1102088,911,61.0732638,849.926736
39.1459706,961,111.99666,849.00334
39.1817324,866,17.9179824,848.082018
39.2174942,837,-10.162672,847.162672
39.253256,905,58.7547899,846.24521
39.2890178,861,15.6704581,845.329542
39.3247796,913,68.5844203,844.41558
39.3605414,907,63.4967619,843.503238
39.3963032,854,11.4075665,842.592433
39.432065,871,29.3169158,841.683084
39.4678268,880,39.2248899,840.77511
39.5035886,872,32.1315675,839.868432
39.5393504,865,26.0370259,838.962974
39.5751122,851,12.941341,838.058659
39.610874,855,17.8445885,837.155411
39.6466358,844,7.74686206,836.253138
39.6823977,878,42.6483783,835.351622
39.7181595,845,10.5493697,834.45063
39.7539213,860,26.4491078,833.550892
39.7896831,870,37.3480536,832.651946
39.8254449,873,41.2463541,831.753646
39.8612067,851,20.1440791,830.855921
39.8969685,904,74.0412941,829.958706
39.9327303,896,66.9380636,829.061936
39.9684921,903,74.8344519,828.165548
40.0042539,862,34.7305417,827.269458
40.0400157,920,93.6265386,826.373461
40.0757775,877,51.5226595,825.47734
40.1115393,909,84.4181592,824.581841
40.1473011,879,55.3135597,823.68644
40.1830629,857,34.2089068,822.791093
40.2188247,921,99.1042865,821.895714
40.2545865,831,9.99975783,821.000242
40.2903483,835,14.8953754,820.104625
40.3261101,868,48.7911926,819.208807
40.3618719,903,84.6872623,818.312738
40.3976337,841,23.5836361,817.416364
40.4333955,877,60.4803647,816.519635
40.4691573,883,67.3774978,815.622502
40.5049192,897,82.2750845,814.724916
40.540681,846,32.1731724,813.826828
40.5764428,829,16.0718087,812.928191
40.6122046,883,70.9710392,812.028961
40.6479664,849,37.8709092,811.129091
40.6837282,829,18.7714627,810.228537
40.71949,927,117.672743,809.327257
40.7552518,848,39.5747922,808.425208
40.7910136,840,32.4776518,807.522348
40.8267754,892,85.3813623,806.618638
40.8625372,893,87.285963,805.714037
40.898299,896,91.1914927,804.808507
40.9340608,842,38.097989,803.902011
40.9698226,860,57.0054885,802.994512
41.0055844,857,54.9140241,802.085976
41.0413462,793,-8.17670603,801.176706
41.077108,836,35.7247034,800.275297
41.1128698,866,66.5463837,799.453616
41.1486316,876,77.178585,798.821415
41.1843934,855,57.0343757,797.965624
41.2201552,820,22.9293019,797.070698
41.255917,865,68.8257846,796.174215
41.2916788,839,43.7221916,795.277808
41.3274407,817,22.6184245,794.381576
41.3632025,829,35.514369,793.485631
41.3989643,842,49.4098932,792.590107
41.4347261,817,25.3048444,791.695156
41.4704879,821,30.1990468,790.800953
41.5062497,814,24.0922975,789.907703
41.5420115,818,28.9843625,789.015638
41.5777733,846,57.8749689,788.125031
41.6135351,824,36.7634782,787.236522
41.6492969,786,-0.358993871,786.358994
41.6850587,829,43.4350498,785.56495
41.7208205,781,-3.96750424,784.967504
41.7565823,865,80.8452183,784.154782
41.7923441,795,11.690157,783.309843
41.8281059,769,-13.4708882,782.470888
41.8638677,831,49.3593132,781.640687
41.8996295,799,18.1793029,780.820697
41.9353913,780,-0.0126501256,780.01265
41.9711531,775,-4.21867562,779.218676
42.0069149,778,-0.442108903,778.442109
42.0426767,781,3.31199698,777.688003
42.0784385,801,24.0445336,776.955466
42.1142004,788,11.7512915,776.248709
42.1499622,823,47.425164,775.574836
42.185724,824,49.0589813,774.941019
42.2214858,775,0.644003809,774.355996
42.2572476,744,-29.8309152,773.830915
42.2930094,765,-8.38019171,773.380192
42.3287712,772,-1.02273574,773.022736
42.364533,757,-15.7837493,772.783749
42.4002948,771,-1.69742611,772.697426
42.4360566,750,-22.8111112,772.811111
42.4718184,766,-7.19190051,773.191901
42.5075802,759,-14.9374686,773.937469
42.543342,745,-30.1945823,775.194582
42.5791038,767,-10.1926224,777.192622
42.6148656,772,-8.30612481,780.306125
42.6506274,750,-35.1731406,785.173141
42.6863892,846,53.0312949,792.968705
42.722151,797,-9.03697479,806.036975
42.7579128,809,-20.4631609,829.463161
42.7936746,845,-29.7766083,874.776608
42.8294364,896,-67.4742791,963.474279
42.8651982,1075,-26.4161289,1101.41613
42.90096,1074,-118.078749,1192.07875
42.9367219,1270,145.631231,1124.36877
42.9724837,1145,83.3490865,1061.65091
43.0082455,1074,35.6910502,1038.30895
43.0440073,1041,77.6596781,963.340322
43.0797691,944,66.7807751,877.219225
43.1155309,845,20.4089539,824.591046
43.1512927,847,50.7121261,796.287874
43.1870545,753,-27.0396684,780.039668
43.2228163,757,-12.7604001,769.7604
43.2585781,741,-21.6931473,762.693147
43.2943399,696,-61.5012916,757.501292
43.3301017,755,1.52027032,753.47973
43.3658635,745,-5.2285512,750.228551
43.4016253,701,-46.5073729,747.507373
43.4373871,746,0.834927831,745.165072
43.4731489,706,-37.1036437,743.103644
43.5089107,738,-3.25881037,741.25881
43.5446725,689,-50.5897144,739.589714
43.5804343,690,-48.0745251,738.074525
43.6161961,707,-29.7117391,736.711739
43.6519579,702,-33.5308117,735.530812
43.6877197,726,-8.62344186,734.623442
43.7234815,711,-23.2082256,734.208226
43.7592434,685,-49.619545,734.619545
43.7950052,716,-19.6978978,735.697898
43.830767,723,-12.7019647,735.701965
43.8665288,752,18.694169,733.305831
43.9022906,767,35.9074341,731.092566
43.9380524,742,12.5788246,729.421175
43.9738142,704,-22.9221355,726.922136
44.009576,713,-11.3030171,724.303017
44.0453378,735,12.7301256,722.269874
44.0810996,698,-22.6618514,720.661851
44.1168614,686,-33.2808565,719.280857
44.1526232,707,-11.0182338,718.018234
44.188385,707,-9.797733,716.797733
44.2241468,683,-32.6120759,715.612076
44.2599086,681,-33.4513086,714.451309
44.2956704,664,-49.3008574,713.300857
44.3314322,664,-48.0915575,712.091557
44.367194,658,-52.7197477,710.719748
44.4029558,719,9.41417613,709.585824
44.4387176,682,-26.496875,708.496875
44.4744794,721,13.5864779,707.413522
44.5102412,672,-34.3334548,706.333455
44.5460031,673,-32.2561505,705.25615
44.5817649,697,-7.18096275,704.180963
44.6175267,731,27.8997069,703.100293
44.6532885,675,-26.9491868,701.949187
44.6890503,678,-22.63434,700.63434
44.7248121,667,-32.5775984,699.577598
44.7605739,646,-52.5141997,698.5142
44.7963357,651,-46.4646076,697.464608
44.8320975,705,8.58243108,696.417569
44.8678593,653,-42.3716152,695.371615
44.9036211,637,-57.3268917,694.326892
44.9393829,676,-17.2835783,693.283578
44.9751447,698,5.75810569,692.241894
45.0109065,646,-45.2021045,691.202105
45.0466683,692,1.83547142,690.164529
45.0824301,646,-43.1295527,689.129553
45.1181919,685,-3.09764601,688.097646
45.1539537,689,1.93061843,687.069382
45.1897155,633,-53.045465,686.045465
45.2254773,687,1.97329177,685.026708
45.2612391,653,-31.0133534,684.013353
45.2970009,687,3.99509159,683.004908
45.3327627,630,-52.0083969,682.008397
45.3685246,662,-19.0253983,681.025398
45.4042864,720,39.9422813,680.057719
45.4400482,665,-14.1094899,679.10949
45.47581,623,-55.1867299,678.18673
45.5115718,653,-24.2980267,677.298027
45.5473336,697,20.5440819,676.455918
45.5830954,686,10.321288,675.678712
45.6188572,646,-28.9947297,674.99473
45.654619,607,-67.4585315,674.458532
45.6903808,628,-46.1575907,674.157591
45.7261426,716,41.7443357,674.255664
45.7619044,664,-11.0906028,675.090603
45.7976662,671,-6.40826964,677.40827
45.833428,584,-98.7954113,682.795411
45.8691898,632,-61.2796506,693.279651
45.9049516,641,-65.3747093,706.374709
45.9407134,635,-75.3986809,710.398681
45.9764752,634,-67.5082228,701.508223
46.012237,685,-9.69880923,694.698809
46.0479988,677,-14.1157322,691.115732
46.0837606,668,-15.1748837,683.174884
46.1195224,638,-35.2102651,673.210265
46.1552842,660,-6.34229408,666.342294
46.1910461,634,-28.1515671,662.151567
46.2268079,653,-6.35470953,659.35471
46.2625697,645,-12.2527562,657.252756
46.2983315,690,34.4762132,655.523787
46.3340933,663,8.98785419,654.012146
46.3698551,648,-4.63614724,652.636147
46.4056169,640,-11.3496412,651.349641
46.4413787,663,12.8750795,650.12492
46.4771405,736,87.0554943,648.944506
46.5129023,656,8.203088,647.796912
46.5486641,618,-28.6743336,646.674334
46.5844259,668,22.4286871,645.571313
46.6201877,636,-8.48394121,644.483941
46.6559495,647,3.59063916,643.409361
46.6917113,625,-17.3454456,642.345446
46.7274731,645,3.70941077,641.290589
46.7632349,588,-52.2435623,640.243562
46.7989967,650,10.7965866,639.203413
46.8347585,610,-28.1693988,638.169399
46.8705203,635,-2.14093281,637.140933
46.9062821,627,-9.11755111,636.117551
46.9420439,631,-4.09888355,635.098884
46.9778057,660,25.9153659,634.084634
47.0135676,642,8.92543468,633.074565
47.0493294,657,24.9315131,632.068487
47.0850912,610,-21.0662461,631.066246
47.120853,631,0.932278812,630.067721
47.1566148,577,-52.0728154,629.072815
47.1923766,629,0.918547494,628.081453
47.2281384,614,-13.0935736,627.093574
47.2639002,604,-22.1091339,626.109134
47.299662,663,37.8719007,625.128099
47.3354238,598,-26.1502982,624.150298
47.3711856,613,-10.1733128,623.173313
47.4069474,575,-47.1878497,622.18785
47.4427092,576,-45.1988621,621.198862
47.478471,585,-35.2333292,620.233329
47.5142328,592,-27.2743186,619.274319
47.5499946,629,10.6813198,618.31868
47.5857564,613,-4.36631538,617.366315
47.6215182,621,4.58274836,616.417252
47.65728,623,7.52863618,615.471364
47.6930418,583,-31.5261748,614.526175
47.7288036,663,49.4278988,613.572101
47.7645654,672,59.3852756,612.614724
47.8003273,610,-1.68136913,611.681369
47.8360891,648,37.2470388,610.752961
47.8718509,623,13.1707971,609.829203
47.9076127,620,11.0908877,608.909112
47.9433745,600,-7.9925399,607.99254
47.9791363,586,-21.0795246,607.079525
48.0148981,605,-1.1701049,606.170105
48.0506599,614,8.73568108,605.264319
48.0864217,592,-12.3622043,604.362204
48.1221835,594,-9.46379819,603.463798
48.1579453,606,3.43086265,602.569137
48.1937071,619,17.321742,601.678258
48.2294689,598,-2.79119595,600.791196
48.2652307,560,-39.9079864,599.907986
48.3009925,619,19.9713359,599.028664
48.3367543,606,7.84673661,598.153263
48.3725161,614,16.7181821,597.281818
48.4082779,612,15.5856392,596.414361
48.4440397,611,15.4490753,595.550925
48.4798015,627,32.3084583,594.691542
48.5155633,639,45.1637566,593.836243
48.5513251,565,-27.9850605,592.985061
48.5870869,604,11.8619765,592.138024
48.6228488,576,-15.2951621,591.295162
48.6586106,581,-9.45650548,590.456505
48.6943724,596,6.37791795,589.622082
48.7301342,622,33.2080803,588.79192
48.765896,595,7.03395423,587.966046
48.8016578,625,37.8555133,587.144487
48.8374196,621,34.6727314,586.327269
48.8731814,563,-22.5144166,585.514417
48.9089432,595,10.2940446,584.705955
48.944705,541,-42.9019087,583.901909
48.9804668,621,37.8977001,583.1023
49.0162286,604,21.6928485,582.307151
49.0519904,550,-31.5164955,581.516495
49.0877522,566,-14.732966,580.732966
49.123514,599,18.998974,580.001026
49.1592758,582,2.53467883,579.465321
49.1950376,547,-31.867017,578.867017
49.2307994,539,-39.1390977,578.139098
49.2665612,545,-32.3972915,577.397291
49.302323,561,-15.6606857,576.660686
49.3380848,552,-23.9301268,575.930127
49.3738466,603,27.7942465,575.205754
49.4096084,570,-4.48771727,574.487717
49.4453703,572,-1.77618443,573.776184
49.4811321,542,-31.0713384,573.071338
49.5168939,565,-7.37338211,572.373382
49.5526557,616,44.3174589,571.682541
49.5884175,596,25.0009329,570.999067
49.6241793,589,18.6767583,570.323242
49.6599411,559,-10.6553923,569.655392
49.6957029,561,-7.99845156,568.998452
49.7314647,547,-21.396642,568.396642
49.7672265,503,-64.993444,567.993444
49.8029883,584,16.463317,567.536683
49.8387501,587,20.0386736,566.961326
49.8745119,560,-6.38015907,566.380159
49.9102737,591,25.1873848,565.812615
49.9460355,547,-18.2606334,565.260633
49.9817973,569,4.27433645,564.725664
50.0175591,592,27.790593,564.209407
50.0533209,550,-13.7138715,563.713872
50.0890827,547,-16.2414406,563.241441
50.1248445,594,31.2050387,562.794961
50.1606063,544,-18.3778579,562.377858
50.1963681,583,21.0057211,561.994279
50.23213,544,-17.6492897,561.64929
50.2678918,564,2.650872,561.349128
50.3036536,550,-11.1015468,561.101547
50.3394154,534,-26.9162802,560.91628
50.3751772,557,-3.80568606,560.805686
50.410939,582,21.2143535,560.785646
50.4467008,607,46.1231477,560.876852
50.4824626,548,-13.1066706,561.106671
50.5182244,620,58.4880796,561.51192
50.5539862,514,-48.143101,562.143101
50.589748,559,-4.07101131,563.071011
50.6255098,544,-20.3974502,564.39745
50.6612716,589,22.7268535,566.273146
50.6970334,549,-19.9290993,568.929099
50.7327952,561,-11.7341099,572.73411
50.768557,608,29.6933489,578.306651
50.8043188,629,42.2524908,586.747509
50.8400806,631,30.8384755,600.161525
50.8758424,661,38.0870645,622.912935
50.9116042,750,85.37798,664.62202
50.947366,871,126.41567,744.58433
50.9831278,1118,239.25363,878.74637
51.0188896,1252,246.753549,1005.24645
51.0546515,1272,277.923947,994.076053
51.0904133,1192,288.624426,903.375574
51.1261751,1059,198.203598,860.796402
51.1619369,1065,214.795277,850.204723
51.1976987,966,173.934309,792.065691
51.2334605,809,102.713406,706.286594
51.2692223,682,39.0577277,642.942272
51.3049841,712,105.179217,606.820783
51.3407459,606,19.6201432,586.379857
51.3765077,654,80.0976511,573.902349
51.4122695,602,36.3339279,565.666072
51.4480313,535,-24.8707408,559.870741
51.4837931,524,-31.5803602,555.58036
51.5195549,559,6.72889478,552.271105
51.5553167,536,-13.6308944,549.630894
51.5910785,539,-8.46396561,547.463966
51.6268403,521,-24.6421855,545.642185
51.6626021,539,-5.07865633,544.078656
51.6983639,538,-4.71265251,542.712653
51.7341257,580,38.4993643,541.500636
51.7698875,506,-34.4106904,540.41069
51.8056493,571,31.5810367,539.418963
51.8414111,542,3.4926779,538.507322
51.877173,543,5.33817593,537.661824
51.9129348,545,8.12825715,536.871743
51.9486966,506,-30.1282007,536.128201
51.9844584,466,-69.4238168,535.423817
52.0202202,561,26.2467533,534.753247
52.055982,536,1.88805687,534.111943
52.0917438,512,-21.4961161,533.496116
52.1275056,481,-51.902614,532.902614
52.1632674,497,-35.3287973,532.328797
52.1990292,514,-17.7724399,531.77244
52.234791,527,-4.23165112,531.231651
52.2705528,531,0.295184346,530.704816
52.3063146,522,-8.19054476,530.190545
52.3420764,514,-15.687638,529.687638
52.3778382,554,24.8049475,529.195053
52.4136,527,-1.71187774,528.711878
52.4493618,513,-15.2373159,528.237316
52.4851236,532,4.22934416,527.770656
52.5208854,516,-11.3088454,527.308845
52.5566472,538,11.1898245,526.810176
52.592409,552,25.8561291,526.143871
52.6281708,556,30.4320401,525.56796
52.6639326,533,7.8672761,525.132724
52.6996945,520,-4.72090481,524.720905
52.7354563,499,-25.3135062,524.313506
52.7712181,557,33.0902205,523.909779
52.8069799,513,-10.5097754,523.509775
52.8427417,498,-25.1111603,523.11116
52.8785035,509,-13.6713667,522.671367
52.9142653,501,-21.0566714,522.056671
52.9500271,504,-17.5450073,521.545007
52.9857889,578,56.8339314,521.166069
53.0215507,516,-4.82166861,520.821669
53.0573125,526,5.48537715,520.514623
53.0930743,521,0.727833381,520.272167
53.1288361,543,22.8739282,520.126072
53.1645979,540,19.9933677,520.006632
53.2003597,536,16.313174,519.686826
53.2361215,514,-5.14426546,519.144265
53.2718833,535,16.3487765,518.651224
53.3076451,497,-21.2672917,518.267292
53.3434069,511,-6.84429041,517.84429
53.3791687,515,-2.32311242,517.323112
53.4149305,513,-3.8097314,516.809731
53.4506923,506,-10.3517619,516.351762
53.4864542,542,26.0687347,515.931265
53.522216,565,49.4701819,515.529818
53.5579778,536,20.8620438,515.137956
53.5937396,520,5.24889032,514.75111
53.6295014,552,37.6330851,514.366915
53.6652632,538,24.0159638,513.984036
53.701025,556,42.3983472,513.601653
53.7367868,549,35.7807803,513.21922
53.7725486,503,-9.8363494,512.836349
53.8083104,565,52.5472518,512.452748
53.8440722,526,13.9318187,512.068181
53.879834,511,-0.682451919,511.682452
53.9155958,553,41.7046112,511.295389
53.9513576,526,15.0931621,510.906838
53.9871194,505,-5.51665759,510.516658
54.0228812,502,-8.12471485,510.124715
54.058643,506,-3.73088313,509.730883
54.0944048,530,20.6649593,509.335041
54.1301666,514,5.06293073,508.937069
54.1659284,492,-16.5368536,508.536854
54.2016902,477,-31.1342804,508.13428
54.237452,481,-26.7292384,507.729238
54.2732138,478,-29.3216176,507.321618
54.3089757,511,4.08869079,506.911309
54.3447375,487,-19.4982056,506.498206
54.3804993,462,-44.0822001,506.0822
54.4162611,479,-26.6631866,505.663187
54.4520229,506,0.758939745,505.24106
54.4877847,484,-20.8157166,504.815717
54.5235465,489,-15.3870519,504.387052
54.5593083,464,-39.9549634,503.954963
54.5950701,487,-16.519349,503.519349
54.6308319,502,-1.08010709,503.080107
54.6665937,497,-5.63713423,502.637134
54.7023555,465,-37.1902768,502.190277
54.7381173,485,-16.7392229,501.739223
54.7738791,516,14.7159047,501.284095
54.8096409,463,-37.8283819,500.828382
54.8454027,448,-52.4316798,500.43168
54.8811645,487,-13.3026221,500.302622
54.9169263,459,-40.9969747,499.996975
54.9526881,493,-6.56048053,499.560481
54.9884499,466,-33.1043872,499.104387
55.0242117,505,6.35550052,498.644499
55.0599735,475,-23.1820504,498.18205
55.0957353,467,-30.7298853,497.729885
55.1314972,487,-10.3334479,497.333448
55.167259,482,-14.8979116,496.897912
55.2030208,506,9.56852896,496.431471
55.2387826,477,-18.9588375,495.958837
55.2745444,493,-2.48373648,495.483736
55.3103062,460,-35.0064935,495.006493
55.346068,442,-52.5273423,494.527342
55.3818298,472,-22.0465569,494.046557
55.4175916,436,-57.5644636,493.564464
55.4533534,479,-14.0845665,493.084567
55.4891152,441,-51.6666137,492.666614
55.524877,502,9.48196408,492.518036
55.5606388,493,0.796340148,492.20366
55.5964006,509,17.2307306,491.769269
55.6321624,482,-9.32364868,491.323649
55.6679242,471,-19.8832833,490.883283
55.703686,499,8.54922205,490.450778
55.7394478,449,-41.0398881,490.039888
55.7752096,514,24.3044822,489.695518
55.8109714,430,-59.335968,489.335968
55.8467332,435,-53.9625229,488.962523
55.882495,414,-74.6045253,488.604525
55.9182568,444,-44.2699259,488.269926
55.9540187,497,9.03639681,487.963603
55.9897805,498,10.308715,487.691285
56.0255423,469,-18.4601926,487.460193
56.0613041,490,2.71661936,487.283381
56.0970659,459,-28.1893267,487.189327
56.1328277,463,-24.1725159,487.172516
56.1685895,464,-23.2219843,487.221984
56.2043513,482,-5.3799151,487.379915
56.2401131,479,-8.67843525,487.678435
56.2758749,482,-6.15502012,488.15502
56.3116367,487,-1.85978198,488.859782
56.3473985,494,4.13857594,489.861424
56.3831603,501,9.74365295,491.256347
56.4189221,488,-5.1813314,493.181331
56.4546839,481,-14.8402872,495.840287
56.4904457,511,11.4549219,499.545078
56.5262075,543,38.2072704,504.79273
56.5619693,573,60.5844345,512.415565
56.5977311,556,32.1080128,523.891987
56.6334929,640,97.9622596,542.03774
56.6692547,694,121.359985,572.640015
56.7050165,728,99.7944709,628.205529
56.7407784,827,94.2999331,732.700067
56.7765402,988,86.7878217,901.212178
56.812302,1079,37.6288007,1041.3712
56.8480638,1087,91.0548488,995.945151
56.8838256,1091,213.785958,877.214042
56.9195874,1030,198.94535,831.05465
56.9553492,1052,197.966868,854.033132
56.991111,964,121.165175,842.834825
57.0268728,854,71.1706558,782.829344
57.0626346,848,119.879682,728.120318
57.0983964,747,75.4815392,671.518461
57.1341582,630,14.8374433,615.162557
57.16992,611,29.0343424,581.965658
57.2056818,569,-1.8498882,570.849888
57.2414436,551,-7.32676236,558.326762
57.2772054,507,-26.9097914,533.909791
57.3129672,507,-2.37002069,509.370021
57.348729,504,11.2645845,492.735416
57.3844908,450,-32.352841,482.352841
57.4202526,503,27.514045,475.485955
57.4560144,449,-21.5671696,470.56717
57.4917762,459,-7.80910818,466.809108
57.527538,445,-18.7995462,463.799546
57.5632999,492,30.6923399,461.30766
57.5990617,432,-27.1974034,459.197403
57.6348235,431,-26.3871654,457.387165
57.6705853,493,37.1696086,455.830391
57.7063471,463,8.49305823,454.506942
57.7421089,466,12.5785982,453.421402
57.7778707,449,-3.60807851,452.608079
57.8136325,457,4.85409106,452.145909
57.8493943,452,-0.192855712,452.192856
57.8851561,442,-11.0647555,453.064756
57.9209179,446,-9.42265529,455.422655
57.9566797,466,5.30076435,460.699236
57.9924415,457,-14.6176482,471.617648
58.0282033,485,-4.80964418,489.809644
58.0639651,482,-22.7162473,504.716247
58.0997269,466,-32.7445232,498.744523
58.1354887,474,-9.82207096,483.822071
58.1712505,494,17.6597155,476.340285
58.2070123,474,-2.44954818,476.449548
58.2427741,481,8.41395352,472.586046
58.2785359,438,-23.6584225,461.658422
58.3142977,502,51.2618104,450.73819
58.3500595,464,20.7350427,443.264957
58.3858214,461,22.6428604,438.35714
58.4215832,469,34.0216129,434.978387
58.457345,447,14.673686,432.326314
58.4931068,399,-31.3590265,430.359026
58.5288686,469,40.3163595,428.683641
58.5646304,439,11.8577639,427.142236
58.6003922,403,-22.7753301,425.77533
58.636154,464,39.4429195,424.557081
58.6719158,451,27.565234,423.434766
58.7076776,434,11.6562338,422.343766
58.7434394,439,17.7470419,421.252958
58.7792012,438,18.001569,419.998431
58.814963,405,-14.0066876,419.006688
58.8507248,409,-9.15657149,418.156571
58.8864866,439,21.6290021,417.370998
58.9222484,440,23.3669529,416.633047
58.9580102,429,13.0525336,415.947466
58.993772,372,-43.3144947,415.314495
59.0295338,433,18.2799678,414.720032
59.0652956,407,-7.23797432,414.237974
59.1010574,394,-19.9683338,413.968334
59.1368192,372,-41.97921,413.97921
59.1725811,429,14.5076634,414.492337
59.2083429,434,18.0132977,415.986702
59.2441047,419,-0.354879785,419.35488
59.2798665,414,-10.9942506,424.994251
59.3156283,390,-38.9011386,428.901139
59.3513901,413,-12.3958592,425.395859
59.3871519,395,-25.2553757,420.255376
59.4229137,418,-0.19887171,418.198872
59.4586755,412,-6.59665591,418.596656
59.4944373,428,10.4380536,417.561946
59.5301991,451,37.2147484,413.785252
59.5659609,417,6.73882956,410.26117
59.6017227,426,18.0211602,407.97884
59.6374845,397,-9.56299601,406.562996
59.6732463,395,-10.6208427,405.620843
59.7090081,396,-8.93412058,404.934121
59.7447699,410,5.6093786,404.390621
59.7805317,420,16.0024055,403.997595
59.8162935,408,4.30149298,403.698507
59.8520553,406,2.5281473,403.471853
59.8878171,413,9.69178927,403.308211
59.9235789,405,1.79789383,403.202106
59.9593407,384,-19.1501675,403.150167
59.9951026,388,-15.1493234,403.149323
